0000000 000001
0000001
0000000 000354
0000001
0000000 000250
0000001
0000000 000306
0000001
0000000 000140
0000001
0000000 000320
0000001
0000000 000332
0000001
0000000 000052
0000001
0000000 000011
0000001
0000000 000372
0000001
0000000 000115
0000001
0000000 000034
0000001
0000000 000305
0000001
0000000 000245
0000001
0000000 000116
0000001
0000000 000335
0000001
0000000 000131
0000001
0000000 000207
0000001
0000000 000122
0000001
0000000 000257
0000001
0000000 000062
0000001
0000000 000356
0000001
0000000 000277
0000001
0000000 000004
0000001
0000000 000213
0000001
0000000 000162
0000001
0000000 000055
0000001
0000000 000042
0000001
0000000 000273
0000001
0000000 000067
0000001
0000000 000223
0000001
0000000 000152
0000001
0000000 000175
0000001
0000000 000014
0000001
0000000 000304
0000001
0000000 000135
0000001
0000000 000050
0000001
0000000 000026
0000001
0000000 000075
0000001
0000000 000205
0000001
0000000 000026
0000001
0000000 000302
0000001
0000000 000033
0000001
0000000 000327
0000001
0000000 000212
0000001
0000000 000327
0000001
0000000 000162
0000001
0000000 000324
0000001
0000000 000036
0000001
0000000 000227
0000001
